Second elapsed	Temperature(degrees C)	CPU Clock(Mhz)
0	70.0	1500
1	70.0	1500
2	70.0	1500
3	71.0	1500
4	71.0	1500
5	71.0	1500
6	71.0	1500
7	73.0	1500
8	73.0	1500
9	74.0	1500
10	74.0	1500
11	74.0	1500
12	72.0	1500
13	72.0	600
14	71.0	600
15	70.0	750
16	71.0	750
17	73.0	1500
18	74.0	1500
19	73.0	1500
20	74.0	1500
21	75.0	1500
22	75.0	1500
23	74.0	1500
24	75.0	1500
25	76.0	1500
26	75.0	1500
27	76.0	1500
28	75.0	1500
29	76.0	1500
30	75.0	1500
31	77.0	1500
32	76.0	1500
33	77.0	1500
34	76.0	1500
35	78.0	1500
36	78.0	1500
37	78.0	1500
38	76.0	1500
39	78.0	1500
40	77.0	1500
41	75.0	1000
42	75.0	1000
43	74.0	1500
44	76.0	1500
45	77.0	1500
46	77.0	1500
47	78.0	1500
48	77.0	1500
49	78.0	1500
50	78.0	1500
51	78.0	1500
52	78.0	1500
53	79.0	1500
54	78.0	1500
55	78.0	1500
56	79.0	1500
57	78.0	1500
58	78.0	1500
59	75.0	1000
60	78.0	1500
61	77.0	1500
62	77.0	1500
63	79.0	1500
64	77.0	1500
65	77.0	1500
66	78.0	1500
67	79.0	1500
68	79.0	1500
69	78.0	1500
70	79.0	1500
71	79.0	1500
72	80.0	1500
73	79.0	1500
74	79.0	1500
75	79.0	1500
76	80.0	1500
77	80.0	1500
78	80.0	1500
79	79.0	1500
80	81.0	1500
81	81.0	1500
82	81.0	1500
83	81.0	1500
84	82.0	1500
85	81.0	1500
86	80.0	1500
87	81.0	1500
88	81.0	1500
89	81.0	1500
90	82.0	1500
91	82.0	1500
92	82.0	1500
93	81.0	1500
94	81.0	1500
95	82.0	1500
96	81.0	1500
97	82.0	1500
98	82.0	1500
99	82.0	1500
100	82.0	1500
101	81.0	1500
102	82.0	1500
103	82.0	1500
104	82.0	1500
105	82.0	1500
106	82.0	1500
107	82.0	1500
108	80.0	1500
109	81.0	1500
110	82.0	1500
111	83.0	1500
112	81.0	1500
113	82.0	1500
114	78.0	750
115	82.0	1500
116	81.0	1500
117	81.0	1500
118	82.0	1500
119	81.0	1500
120	82.0	1500
121	82.0	1500
122	81.0	1500
123	82.0	1500
124	82.0	1500
125	82.0	1500
126	81.0	1500
127	81.0	1500
128	79.0	600
129	78.0	1000
130	80.0	1500
131	81.0	1500
132	81.0	1500
133	82.0	1500
134	81.0	1000
135	81.0	1500
136	81.0	1000
137	81.0	1500
138	82.0	1500
139	79.0	1000
140	82.0	1500
141	82.0	1500
142	82.0	1500
143	81.0	1500
144	82.0	1500
145	83.0	1500
146	83.0	1500
147	81.0	1000
148	83.0	1500
149	82.0	1500
150	81.0	1500
151	82.0	1500
152	83.0	1500
153	82.0	1500
154	82.0	1500
155	83.0	1000
156	82.0	1500
157	83.0	1500
158	83.0	1000
159	82.0	1000
160	82.0	1000
161	82.0	1000
162	83.0	1500
163	80.0	1500
164	81.0	1500
165	82.0	1500
166	83.0	1500
167	82.0	1000
168	83.0	1500
169	83.0	1000
170	82.0	1000
171	82.0	1500
172	82.0	1500
173	83.0	1000
174	82.0	1500
175	83.0	1500
176	83.0	1000
177	82.0	1500
178	82.0	1500
179	82.0	1500
180	80.0	1500
181	82.0	1500
182	83.0	1000
183	83.0	1000
184	83.0	1500
185	83.0	1500
186	83.0	1000
187	83.0	1000
188	83.0	1500
189	82.0	1000
190	82.0	1500
191	83.0	1500
192	82.0	1500
193	83.0	1000
194	82.0	1000
195	82.0	1500
196	83.0	1500
197	82.0	1000
198	83.0	1000
199	82.0	1500
200	82.0	1500
201	83.0	1000
202	83.0	1500
203	81.0	1000
204	81.0	1500
205	82.0	1500
206	81.0	1500
207	83.0	1000
208	83.0	1500
209	81.0	1500
210	81.0	1500
211	81.0	1500
212	82.0	1000
213	82.0	1000
214	81.0	1500
215	80.0	1500
216	79.0	1500
217	80.0	1500
218	80.0	1500
219	81.0	1500
220	81.0	1500
221	80.0	1500
222	79.0	750
223	79.0	1500
224	80.0	1500
225	78.0	1500
226	78.0	1000
227	78.0	1500
228	79.0	1500
229	81.0	1500
230	80.0	1500
231	82.0	1500
232	81.0	1000
233	82.0	1500
234	82.0	1500
235	81.0	1500
236	83.0	1500
237	83.0	1500
238	83.0	1500
239	83.0	1500
240	82.0	1500
241	82.0	1500
242	82.0	1000
243	84.0	1000
244	83.0	1500
245	83.0	1500
246	81.0	1500
247	82.0	1500
248	82.0	1500
249	82.0	1500
250	82.0	1000
251	83.0	1500
252	83.0	1500
253	83.0	1500
254	82.0	1500
255	83.0	1500
256	83.0	1500
257	82.0	1500
258	83.0	1000
259	83.0	1000
260	82.0	1000
261	83.0	1000
262	83.0	1500
263	82.0	1500
264	82.0	1500
265	82.0	1500
266	83.0	1000
267	81.0	1000
268	83.0	1000
269	84.0	1000
270	82.0	1000
271	82.0	1500
272	83.0	1000
273	82.0	1000
274	83.0	1000
275	83.0	1500
276	83.0	1500
277	82.0	1000
278	82.0	1500
279	83.0	1000
280	82.0	1000
281	83.0	1000
282	83.0	1500
283	83.0	1000
284	83.0	1500
285	83.0	1000
286	83.0	1500
287	83.0	1000
288	83.0	1000
289	84.0	1000
290	82.0	1000
291	83.0	1000
292	82.0	1000
293	83.0	1500
294	83.0	1500
295	84.0	1500
296	81.0	1000
297	82.0	1500
298	83.0	1000
299	83.0	1000
300	83.0	1500
301	82.0	1000
302	83.0	1000
303	83.0	1000
304	82.0	1500
305	83.0	1000
306	83.0	1500
307	82.0	1500
308	84.0	1000
309	81.0	1500
310	80.0	1500
311	83.0	1500
312	82.0	1000
313	82.0	1500
314	82.0	1500
315	82.0	1500
316	82.0	1500
317	83.0	1000
318	83.0	1500
319	84.0	1500
320	83.0	1000
321	82.0	1000
322	83.0	1000
323	83.0	1000
324	83.0	1500
325	82.0	1500
326	83.0	1500
327	83.0	1500
328	83.0	1000
329	82.0	1500
330	82.0	1500
331	83.0	1000
332	83.0	1000
333	83.0	1000
334	83.0	1000
335	83.0	1500
336	83.0	1000
337	83.0	1000
338	83.0	1500
339	82.0	1000
340	83.0	1000
341	83.0	1000
342	82.0	1000
343	82.0	1500
344	84.0	1000
345	82.0	1000
346	82.0	1500
347	84.0	1500
348	82.0	1000
349	82.0	1000
350	82.0	1000
351	83.0	1000
352	82.0	1000
353	84.0	1000
354	83.0	1000
355	84.0	1000
356	83.0	1000
357	84.0	1000
358	83.0	1000
359	83.0	1000
360	83.0	1000
361	83.0	1500
362	83.0	1500
363	83.0	1500
364	84.0	1500
365	83.0	1000
366	83.0	1000
367	83.0	1500
368	82.0	1500
369	83.0	1500
370	83.0	1000
371	82.0	1500
372	83.0	1000
373	83.0	1000
374	83.0	1500
375	83.0	1000
376	81.0	1500
377	80.0	1500
378	79.0	1000
379	79.0	1500
380	78.0	1500
381	78.0	1500
382	78.0	1500
383	80.0	1500
384	82.0	1500
385	83.0	1500
386	82.0	1500
387	83.0	1500
388	82.0	1500
389	84.0	1500
390	83.0	1000
391	84.0	1000
392	83.0	1500
393	83.0	1500
394	83.0	1000
395	83.0	1000
396	83.0	1500
397	83.0	1500
398	83.0	1000
399	82.0	1500
400	82.0	1000
401	84.0	1500
402	84.0	1000
403	83.0	1000
404	83.0	1000
405	83.0	1500
406	83.0	1000
407	82.0	1000
408	83.0	1000
409	84.0	1500
410	84.0	1000
411	83.0	1000
412	83.0	1500
413	83.0	1000
414	84.0	1000
415	83.0	1000
416	82.0	1000
417	83.0	1500
418	82.0	1000
419	83.0	1000
420	83.0	1500
421	83.0	1000
422	83.0	1500
423	84.0	1000
424	83.0	1000
425	83.0	1000
426	82.0	1500
427	84.0	1000
428	83.0	1000
429	83.0	1000
430	82.0	1500
431	82.0	1000
432	82.0	1000
433	83.0	1000
434	83.0	1000
435	83.0	1000
436	82.0	1000
437	83.0	1000
438	84.0	1500
439	83.0	1000
440	83.0	1000
441	84.0	1000
442	84.0	1500
443	84.0	1500
444	83.0	1000
445	84.0	1500
446	82.0	1000
447	82.0	1000
448	83.0	1000
449	82.0	1000
450	83.0	1000
451	83.0	1000
452	83.0	1000
453	83.0	1000
454	83.0	1000
455	83.0	1000
456	83.0	1500
457	83.0	1000
458	83.0	1500
459	83.0	1000
460	84.0	1500
461	83.0	1000
462	83.0	1000
463	83.0	1000
464	83.0	1500
465	83.0	1000
466	82.0	1500
467	83.0	1000
468	84.0	1000
469	83.0	1000
470	83.0	1500
471	84.0	1000
472	83.0	1000
473	83.0	1000
474	84.0	1000
475	83.0	1000
476	83.0	1000
477	83.0	1000
478	83.0	1000
479	84.0	1000
480	83.0	1000
481	83.0	1000
482	82.0	1500
483	83.0	1000
484	83.0	1000
485	84.0	1000
486	83.0	1000
487	83.0	1000
488	82.0	1000
489	84.0	1000
490	83.0	1000
491	84.0	1000
492	83.0	1000
493	83.0	1000
494	84.0	1000
495	83.0	1000
496	83.0	1000
497	84.0	1000
498	82.0	1500
499	84.0	1000
500	84.0	1000
501	84.0	1000
502	84.0	1000
503	84.0	1000
504	84.0	1000
505	83.0	1000
506	82.0	1000
507	83.0	1000
508	83.0	1000
509	84.0	1000
510	83.0	1000
511	83.0	1000
512	84.0	1000
513	83.0	1500
514	84.0	1000
515	83.0	1000
516	83.0	1000
517	83.0	1000
518	84.0	1000
519	83.0	1000
520	84.0	1000
521	82.0	1000
522	83.0	1000
523	83.0	1000
524	84.0	1500
525	83.0	1000
526	84.0	1500
527	84.0	1000
528	83.0	1000
529	84.0	1000
530	84.0	1000
531	83.0	1000
532	83.0	1000
533	83.0	1000
534	83.0	1000
535	83.0	1000
536	83.0	1000
537	83.0	1000
538	83.0	1000
539	83.0	1000
540	83.0	1500
541	84.0	1000
542	83.0	1000
543	83.0	1000
544	84.0	1000
545	83.0	1000
546	84.0	1000
547	83.0	1000
548	83.0	1000
549	83.0	1500
550	83.0	1000
551	83.0	1000
552	83.0	1000
553	83.0	1000
554	83.0	1000
555	83.0	1000
556	83.0	1000
557	83.0	1000
558	84.0	1000
559	83.0	1000
560	83.0	1000
561	83.0	1000
562	83.0	1000
563	84.0	1000
564	83.0	1000
565	84.0	1000
566	83.0	1000
567	83.0	1000
568	83.0	1000
569	84.0	1000
570	83.0	1000
571	83.0	1000
572	83.0	1000
573	83.0	1000
574	84.0	1000
575	83.0	1000
576	83.0	1000
577	83.0	1000
578	83.0	1000
579	84.0	1000
580	84.0	1500
581	82.0	1000
582	83.0	1500
583	83.0	1000
584	84.0	1500
585	82.0	1000
586	82.0	1000
587	83.0	1000
588	83.0	1000
589	85.0	1000
590	84.0	1000
591	84.0	1000
592	83.0	1000
593	82.0	1500
594	84.0	1000
595	83.0	1500
596	83.0	1000
597	84.0	1000
598	84.0	1000
599	84.0	1000
600	83.0	1000
601	83.0	1000
602	84.0	1000
603	83.0	1000
604	84.0	1000
605	84.0	1000
606	83.0	1000
607	83.0	1000
608	83.0	1000
609	83.0	1000
610	83.0	1000
611	83.0	1000
612	83.0	1000
613	83.0	1500
614	83.0	1000
615	84.0	1000
616	83.0	1000
617	83.0	1000
618	83.0	1000
619	84.0	1000
620	83.0	1500
621	83.0	1000
622	83.0	1000
623	83.0	1000
624	83.0	1000
625	84.0	1000
626	83.0	1000
627	83.0	1500
628	83.0	1000
629	83.0	1000
630	83.0	1000
631	83.0	1000
632	84.0	1000
633	84.0	1000
634	84.0	1500
635	84.0	1000
636	83.0	1000
637	83.0	1000
638	85.0	1000
639	83.0	1000
640	83.0	1000
641	83.0	1000
642	83.0	1000
643	83.0	1000
644	84.0	1000
645	83.0	1000
646	84.0	1000
647	83.0	1000
648	83.0	1000
649	83.0	1000
650	83.0	1500
651	83.0	1000
652	84.0	1000
653	83.0	1000
654	82.0	1000
655	83.0	1000
656	82.0	1000
657	83.0	1000
658	83.0	1000
659	83.0	1000
660	84.0	1000
661	83.0	1000
662	82.0	1000
663	84.0	1000
664	82.0	1000
665	84.0	1000
666	83.0	1000
667	83.0	1000
668	83.0	1000
669	84.0	1000
670	84.0	1000
671	83.0	1000
672	84.0	1000
673	84.0	1500
674	83.0	1000
675	83.0	1000
676	83.0	1000
677	84.0	1000
678	83.0	1000
679	82.0	1500
680	83.0	1000
681	84.0	1000
682	84.0	1000
683	83.0	1000
684	84.0	1000
685	83.0	1000
686	83.0	1000
687	83.0	1000
688	83.0	1000
689	83.0	1000
690	84.0	1000
691	83.0	1000
692	83.0	1000
693	84.0	1000
694	83.0	1000
695	83.0	1000
696	84.0	1000
697	84.0	1000
698	84.0	1000
699	83.0	1000
700	83.0	1000
701	83.0	1000
702	83.0	1000
703	84.0	1000
704	85.0	1000
705	84.0	1000
706	83.0	1000
707	84.0	1000
708	83.0	1000
709	84.0	1000
710	84.0	1000
711	83.0	1000
712	84.0	1000
713	83.0	1000
714	83.0	1000
715	84.0	1000
716	83.0	1000
717	83.0	1000
718	84.0	1000
719	84.0	1000
720	83.0	1000
721	84.0	1000
722	83.0	1000
723	84.0	1000
724	84.0	1000
725	84.0	1000
726	83.0	1000
727	83.0	1000
728	83.0	1000
729	83.0	1000
730	83.0	1000
731	83.0	1000
732	84.0	1000
733	83.0	1000
734	83.0	1000
735	84.0	1500
736	83.0	1000
737	84.0	1000
738	82.0	1000
739	82.0	1500
740	83.0	1000
741	83.0	1000
742	83.0	1000
743	83.0	1000
744	83.0	1000
745	84.0	1000
746	82.0	1000
747	83.0	1500
748	83.0	1000
749	83.0	1000
750	83.0	1000
751	84.0	1000
752	84.0	1000
753	83.0	1000
754	84.0	1000
755	83.0	1000
756	83.0	1000
757	84.0	1000
758	83.0	1000
759	84.0	1000
760	83.0	1000
761	84.0	1000
762	83.0	1000
763	83.0	1000
764	84.0	1000
765	84.0	1000
766	84.0	1000
767	83.0	1000
768	84.0	1000
769	83.0	1000
770	83.0	1000
771	83.0	1500
772	83.0	1000
773	83.0	1000
774	83.0	1000
775	83.0	1500
776	84.0	1000
777	83.0	1000
778	83.0	1000
779	84.0	1000
780	83.0	1000
781	83.0	1000
782	84.0	1500
783	82.0	1000
784	84.0	1500
785	81.0	1500
786	82.0	1000
787	82.0	1000
788	82.0	1500
789	83.0	1000
790	83.0	1000
791	84.0	1000
792	83.0	1000
793	84.0	1500
794	84.0	1000
795	83.0	1000
796	83.0	1000
797	83.0	1000
798	83.0	1000
799	82.0	1000
800	83.0	1000
801	83.0	1000
802	83.0	1000
803	83.0	1500
804	83.0	1000
805	84.0	1000
806	82.0	1500
807	83.0	1000
808	83.0	1000
809	83.0	1000
810	84.0	1000
811	83.0	1000
812	84.0	1000
813	84.0	1500
814	83.0	1000
815	83.0	1000
816	84.0	1000
817	83.0	1000
818	83.0	1000
819	84.0	1000
820	83.0	1000
821	84.0	1000
822	84.0	1000
823	83.0	1000
824	84.0	1000
825	83.0	1000
826	83.0	1000
827	82.0	1000
828	83.0	1500
829	84.0	1000
830	83.0	1500
831	83.0	1000
832	83.0	1000
833	84.0	1000
834	83.0	1500
835	84.0	1000
836	82.0	1000
837	83.0	1000
838	83.0	1000
839	84.0	1500
840	83.0	1000
841	82.0	1000
842	83.0	1500
843	84.0	1500
844	83.0	1000
845	83.0	1000
846	83.0	1000
847	83.0	1000
848	83.0	1000
849	83.0	1000
850	84.0	1000
851	83.0	1000
852	84.0	1000
853	82.0	1500
854	82.0	1000
855	84.0	1000
856	83.0	1000
857	83.0	1000
858	82.0	1500
859	83.0	1000
860	83.0	1000
861	82.0	1000
862	83.0	1000
863	83.0	1000
864	84.0	1000
865	83.0	1000
866	83.0	1000
867	83.0	1000
868	84.0	1000
869	83.0	1000
870	83.0	1000
871	84.0	1000
872	83.0	1000
873	84.0	1500
874	83.0	1500
875	83.0	1000
876	83.0	1000
877	84.0	1000
878	83.0	1000
879	82.0	1000
880	83.0	1500
881	83.0	1500
882	84.0	1000
883	84.0	1000
884	84.0	1000
885	83.0	1000
886	84.0	1000
887	83.0	1000
888	84.0	1000
889	84.0	1000
890	84.0	1000
891	83.0	1000
892	84.0	1000
893	83.0	1000
894	83.0	1000
895	83.0	1000
896	83.0	1000
897	83.0	1000
898	83.0	1000
899	83.0	1000
900	83.0	1000
901	84.0	1000
902	84.0	1000
903	84.0	1000
904	84.0	1000
905	83.0	1000
906	83.0	1000
907	84.0	1000
908	83.0	1000
909	83.0	1500
910	84.0	1000
911	84.0	1000
912	84.0	1000
913	84.0	1000
914	83.0	1000
915	83.0	1000
916	83.0	1000
917	84.0	1000
918	84.0	1000
919	84.0	1000
920	83.0	1000
921	83.0	1000
922	83.0	1000
923	83.0	1500
924	83.0	1000
925	83.0	1000
926	84.0	1000
927	84.0	1000
928	83.0	1500
929	84.0	1000
930	84.0	1000
931	83.0	1000
932	83.0	1000
933	83.0	1000
934	83.0	1000
935	84.0	1500
936	84.0	1000
937	84.0	1000
938	84.0	1000
939	83.0	1000
940	84.0	1000
941	83.0	1000
942	84.0	1000
943	84.0	1000
944	83.0	1000
945	83.0	1000
946	82.0	1000
947	83.0	1000
948	85.0	1000
949	83.0	1000
950	82.0	1500
951	84.0	1000
952	84.0	1000
953	83.0	1000
954	83.0	1000
955	83.0	1000
956	83.0	1000
957	84.0	1000
958	84.0	1000
959	83.0	1000
960	84.0	1500
961	83.0	1000
962	83.0	1000
963	83.0	1000
964	83.0	1000
965	83.0	1000
966	83.0	1000
967	84.0	1500
968	82.0	1000
969	83.0	1000
970	83.0	1500
971	82.0	1500
972	84.0	1000
973	83.0	1000
974	83.0	1000
975	82.0	1000
976	84.0	1000
977	82.0	1000
978	83.0	1000
979	83.0	1000
980	83.0	1000
981	85.0	1000
982	82.0	1000
983	82.0	1500
984	83.0	1000
985	83.0	1000
986	82.0	1000
987	83.0	1000
988	82.0	1000
989	83.0	1000
990	83.0	1500
991	83.0	1000
992	82.0	1000
993	83.0	1000
994	83.0	1000
995	83.0	1000
996	82.0	1000
997	82.0	1500
998	83.0	1000
999	84.0	1000
1000	82.0	1000
1001	82.0	1500
1002	83.0	1500
1003	83.0	1000
1004	82.0	1000
1005	83.0	1000
1006	83.0	1000
1007	83.0	1000
1008	83.0	1000
1009	84.0	1000
1010	83.0	1000
1011	83.0	1000
1012	83.0	1000
1013	83.0	1000
1014	83.0	1000
1015	83.0	1000
1016	83.0	1500
1017	82.0	1000
1018	83.0	1500
1019	84.0	1500
1020	83.0	1000
1021	84.0	1000
1022	83.0	1000
1023	83.0	1000
1024	83.0	1000
1025	84.0	1000
1026	83.0	1000
1027	84.0	1000
1028	83.0	1500
1029	83.0	1500
1030	83.0	1000
1031	82.0	1500
1032	83.0	1000
1033	82.0	1500
1034	83.0	1000
1035	84.0	1000
1036	83.0	1000
1037	83.0	1000
1038	84.0	1000
1039	82.0	1000
1040	82.0	1000
1041	84.0	1000
1042	84.0	1500
1043	83.0	1000
1044	83.0	1000
1045	82.0	1000
1046	84.0	1000
1047	82.0	1500
1048	83.0	1000
1049	83.0	1000
1050	82.0	1000
1051	82.0	1500
1052	82.0	1000
1053	83.0	1500
1054	83.0	1000
1055	82.0	1500
1056	83.0	1000
1057	83.0	1500
1058	82.0	1000
1059	82.0	1000
1060	83.0	1000
1061	83.0	1000
1062	82.0	1000
1063	83.0	1000
1064	82.0	1500
1065	83.0	1000
1066	83.0	1000
1067	84.0	1000
1068	83.0	1000
1069	83.0	1500
1070	82.0	1000
1071	84.0	1000
1072	83.0	1000
1073	82.0	1500
1074	83.0	1500
1075	83.0	1000
1076	83.0	1000
1077	83.0	1000
1078	82.0	1500
1079	82.0	1000
1080	82.0	1500
1081	83.0	1000
1082	82.0	1000
1083	81.0	1500
1084	80.0	1500
1085	79.0	600
1086	82.0	1500
1087	81.0	1500
1088	82.0	1500
1089	83.0	1000
1090	81.0	1500
1091	83.0	1500
1092	82.0	1500
1093	83.0	1500
1094	83.0	1000
1095	83.0	1000
1096	82.0	1000
1097	82.0	1000
1098	82.0	1500
1099	80.0	1000
1100	83.0	1000
1101	82.0	1500
1102	83.0	1500
1103	82.0	1000
1104	81.0	1500
1105	82.0	1000
1106	83.0	1500
1107	83.0	1500
1108	82.0	1500
1109	83.0	1500
1110	81.0	1500
1111	82.0	1500
1112	82.0	1000
1113	82.0	1500
1114	82.0	1500
1115	83.0	1000
1116	82.0	1000
1117	83.0	1000
1118	84.0	1000
1119	82.0	1500
1120	82.0	1000
1121	83.0	1000
1122	83.0	1000
1123	82.0	1500
1124	82.0	1000
1125	82.0	1500
1126	82.0	1500
1127	82.0	1500
1128	82.0	1500
1129	84.0	1000
1130	82.0	1500
1131	82.0	1500
1132	82.0	1500
1133	82.0	1000
1134	82.0	1500
1135	82.0	1000
1136	83.0	1500
1137	83.0	1000
1138	83.0	1500
1139	83.0	1000
1140	81.0	1500
1141	83.0	1000
1142	81.0	1500
1143	84.0	1000
1144	82.0	1500
1145	82.0	1000
1146	83.0	1500
1147	83.0	1500
1148	82.0	1000
1149	82.0	1500
1150	82.0	1500
1151	83.0	1500
1152	83.0	1500
1153	83.0	1500
1154	83.0	1000
1155	82.0	1000
1156	82.0	1500
1157	83.0	1000
1158	83.0	1500
1159	83.0	1000
1160	83.0	1000
1161	82.0	1500
1162	82.0	1000
1163	83.0	1500
1164	83.0	1000
1165	83.0	1000
1166	82.0	1000
1167	83.0	1500
1168	83.0	1500
1169	82.0	1000
1170	83.0	1000
1171	84.0	1000
1172	82.0	1500
1173	82.0	1500
1174	79.0	1500
1175	82.0	1500
1176	82.0	1000
1177	83.0	1500
1178	82.0	1500
1179	83.0	1000
1180	83.0	1000
1181	83.0	1500
1182	82.0	1500
1183	82.0	1000
1184	83.0	1000
1185	80.0	1000
1186	81.0	1500
1187	83.0	1500
1188	82.0	1500
1189	82.0	1500
1190	82.0	1500
1191	83.0	1500
1192	84.0	1500
1193	82.0	1500
1194	81.0	1000
1195	83.0	1000
1196	83.0	1500
1197	83.0	1000
1198	81.0	1000
1199	82.0	1000
1200	84.0	1000
1201	82.0	1000
1202	82.0	1500
1203	83.0	1000
1204	83.0	1500
1205	82.0	1500
1206	83.0	1500
1207	83.0	1000
1208	83.0	1000
1209	82.0	1500
1210	83.0	1000
1211	84.0	1000
1212	83.0	1000
1213	82.0	1500
1214	83.0	1000
1215	83.0	1000
1216	82.0	1500
1217	83.0	1500
1218	82.0	1000
1219	84.0	1000
1220	82.0	1500
1221	83.0	1000
1222	80.0	1500
1223	81.0	1000
1224	81.0	1500
1225	83.0	1000
1226	83.0	1000
1227	81.0	1500
1228	83.0	1000
1229	82.0	1000
1230	83.0	1500
1231	83.0	1500
1232	83.0	1000
1233	82.0	1000
1234	82.0	1500
1235	82.0	1000
1236	84.0	1500
1237	83.0	1000
1238	83.0	1500
1239	82.0	1000
1240	83.0	1000
1241	83.0	1000
1242	83.0	1000
1243	82.0	1000
1244	83.0	1000
1245	82.0	1500
1246	82.0	1500
1247	81.0	1000
1248	82.0	1000
1249	84.0	1000
1250	82.0	1500
1251	83.0	1500
1252	83.0	1000
1253	83.0	1500
1254	81.0	1000
1255	82.0	1000
1256	83.0	1000
1257	82.0	1500
1258	82.0	1500
1259	82.0	1000
1260	82.0	1500
1261	82.0	1500
1262	81.0	1500
1263	81.0	1500
1264	80.0	1500
1265	81.0	1500
1266	80.0	1500
1267	79.0	1500
1268	76.0	1000
1269	80.0	1500
1270	80.0	1500
1271	81.0	1500
1272	80.0	1500
1273	82.0	1500
1274	83.0	1500
1275	82.0	1500
1276	83.0	1500
1277	83.0	1000
1278	82.0	1500
1279	82.0	1500
1280	83.0	1500
1281	82.0	1500
1282	82.0	1500
1283	80.0	1500
1284	82.0	1500
1285	82.0	1500
1286	82.0	1500
1287	82.0	1500
1288	82.0	1000
1289	82.0	1000
1290	82.0	1000
1291	84.0	1500
1292	82.0	1000
1293	82.0	1000
1294	82.0	1500
1295	82.0	1500
1296	82.0	1500
1297	82.0	1000
1298	82.0	1000
1299	83.0	1500
1300	81.0	1500
1301	82.0	1000
1302	81.0	1000
1303	83.0	1500
1304	82.0	1500
1305	82.0	1500
1306	82.0	1000
1307	83.0	1000
1308	82.0	1000
1309	81.0	1500
1310	83.0	1500
1311	82.0	1500
1312	82.0	1500
1313	82.0	1000
1314	83.0	1000
1315	83.0	1000
1316	83.0	1500
1317	82.0	1500
1318	82.0	1500
1319	82.0	1500
1320	82.0	1500
1321	83.0	1500
1322	81.0	1500
1323	81.0	1500
1324	81.0	1500
1325	83.0	1500
1326	83.0	1500
1327	84.0	1500
1328	83.0	1000
1329	83.0	1500
1330	82.0	1500
1331	82.0	1000
1332	82.0	1000
1333	81.0	1500
1334	83.0	1500
1335	83.0	1500
1336	83.0	1500
1337	83.0	1000
1338	82.0	1500
1339	84.0	1000
1340	84.0	1000
1341	82.0	1500
1342	82.0	1500
1343	83.0	1000
1344	82.0	1500
1345	82.0	1000
1346	80.0	1500
1347	81.0	1500
1348	80.0	1500
1349	81.0	1500
1350	82.0	1500
1351	82.0	1500
1352	82.0	1500
1353	82.0	1500
1354	82.0	1500
1355	82.0	1500
1356	83.0	1500
1357	82.0	1500
1358	83.0	1000
1359	83.0	1500
1360	82.0	1500
1361	83.0	1500
1362	83.0	1500
1363	82.0	1500
1364	82.0	1500
1365	84.0	1000
1366	83.0	1500
1367	83.0	1500
1368	82.0	1500
1369	83.0	1000
1370	82.0	1500
1371	81.0	1000
1372	83.0	1000
1373	82.0	1000
1374	81.0	1000
1375	83.0	1500
1376	83.0	1500
1377	83.0	1000
1378	82.0	1000
1379	82.0	1000
1380	82.0	1000
1381	83.0	1000
1382	83.0	1000
1383	82.0	1500
1384	83.0	1500
1385	82.0	1000
1386	83.0	1500
1387	83.0	1500
1388	83.0	1000
1389	84.0	1500
1390	82.0	1000
1391	83.0	1500
1392	83.0	1500
1393	82.0	1000
1394	83.0	1000
1395	83.0	1000
1396	83.0	1500
1397	83.0	1000
1398	83.0	1000
1399	82.0	1500
1400	83.0	1000
1401	83.0	1500
1402	83.0	1000
1403	82.0	1000
1404	83.0	1500
1405	82.0	1500
1406	82.0	1500
1407	82.0	1500
1408	83.0	1000
1409	84.0	1000
1410	83.0	1000
1411	83.0	1500
1412	84.0	1500
1413	82.0	1000
1414	82.0	1000
1415	83.0	1000
1416	82.0	1000
1417	83.0	1000
1418	83.0	1000
1419	83.0	1000
1420	82.0	1000
1421	83.0	1500
1422	82.0	1000
1423	82.0	1500
1424	84.0	1000
1425	82.0	1500
1426	84.0	1500
1427	83.0	1500
1428	82.0	1000
1429	83.0	1500
1430	83.0	1000
1431	82.0	1500
1432	82.0	1500
1433	82.0	1500
1434	83.0	1000
1435	83.0	1500
1436	83.0	1500
1437	82.0	1000
1438	83.0	1000
1439	83.0	1000
1440	83.0	1000
1441	83.0	1000
1442	83.0	1000
1443	83.0	1000
1444	84.0	1500
1445	83.0	1500
1446	83.0	1000
1447	83.0	1000
1448	83.0	1500
1449	83.0	1500
1450	82.0	1000
1451	83.0	1000
1452	83.0	1000
1453	82.0	1000
1454	83.0	1000
1455	83.0	1000
1456	82.0	1000
1457	82.0	1000
1458	83.0	1000
1459	83.0	1000
1460	83.0	1000
1461	84.0	1000
1462	82.0	1000
1463	82.0	1000
1464	83.0	1000
1465	83.0	1000
1466	83.0	1000
1467	83.0	1000
1468	83.0	1500
1469	84.0	1000
1470	84.0	1000
1471	83.0	1000
1472	83.0	1000
1473	83.0	1000
1474	83.0	1000
1475	84.0	1000
1476	83.0	1000
1477	83.0	1000
1478	83.0	1000
1479	83.0	1000
1480	83.0	1000
1481	83.0	1000
1482	83.0	1000
1483	82.0	1000
1484	83.0	1000
1485	82.0	1000
1486	82.0	1500
1487	82.0	1500
1488	82.0	1500
1489	82.0	1500
1490	82.0	1500
1491	83.0	1500
1492	82.0	1000
1493	82.0	1500
1494	82.0	1000
1495	82.0	1000
1496	82.0	1000
1497	83.0	1000
1498	83.0	1500
1499	82.0	1000
1500	84.0	1500
1501	83.0	1000
1502	83.0	1000
1503	84.0	1000
1504	83.0	1000
1505	83.0	1000
1506	83.0	1500
1507	83.0	1500
1508	84.0	1000
1509	83.0	1500
1510	82.0	1000
1511	82.0	1000
1512	82.0	1000
1513	84.0	1500
1514	83.0	1000
1515	82.0	1000
1516	82.0	1500
1517	82.0	1000
1518	83.0	1500
1519	82.0	1000
1520	83.0	1000
1521	83.0	1000
1522	84.0	1500
1523	82.0	1000
1524	83.0	1000
1525	83.0	1000
1526	83.0	1000
1527	84.0	1000
1528	83.0	1000
1529	82.0	1000
1530	82.0	1500
1531	83.0	1000
1532	83.0	1000
1533	83.0	1000
1534	84.0	1000
1535	83.0	1500
1536	84.0	1500
1537	82.0	1500
1538	83.0	1500
1539	82.0	1000
1540	83.0	1500
1541	82.0	1000
1542	83.0	1000
1543	83.0	1000
1544	83.0	1000
1545	80.0	1000
1546	83.0	1500
1547	81.0	1500
1548	81.0	1500
1549	80.0	1500
1550	78.0	600
1551	78.0	1500
1552	78.0	1500
1553	80.0	1500
1554	81.0	1500
1555	81.0	1500
1556	80.0	1500
1557	83.0	1500
1558	82.0	1500
1559	82.0	1500
1560	82.0	1500
1561	81.0	1500
1562	82.0	1500
1563	83.0	1000
1564	84.0	1500
1565	83.0	1000
1566	83.0	1000
1567	81.0	1000
1568	83.0	1000
1569	82.0	1000
1570	82.0	1000
1571	82.0	1500
1572	83.0	1000
1573	82.0	1500
1574	82.0	1500
1575	83.0	1000
1576	82.0	1500
1577	82.0	1000
1578	83.0	1500
1579	81.0	1500
1580	83.0	1000
1581	82.0	1500
1582	83.0	1000
1583	82.0	1000
1584	82.0	1000
1585	82.0	1000
1586	83.0	1500
1587	82.0	1500
1588	83.0	1000
1589	83.0	1500
1590	83.0	1500
1591	82.0	1500
1592	83.0	1500
1593	83.0	1000
1594	84.0	1000
1595	82.0	1500
1596	81.0	1000
1597	83.0	1000
1598	83.0	1000
1599	82.0	1000
1600	83.0	1500
1601	83.0	1500
1602	83.0	1500
1603	83.0	1500
1604	82.0	1000
1605	82.0	1000
1606	83.0	1000
1607	83.0	1500
1608	84.0	1000
1609	82.0	1500
1610	84.0	1000
1611	84.0	1500
1612	83.0	1000
1613	83.0	1500
1614	83.0	1000
1615	83.0	1000
1616	83.0	1000
1617	83.0	1000
1618	82.0	1000
1619	83.0	1500
1620	83.0	1500
1621	83.0	1000
1622	82.0	1500
1623	83.0	1500
1624	84.0	1000
1625	83.0	1000
1626	84.0	1000
1627	84.0	1000
1628	83.0	1000
1629	83.0	1500
1630	83.0	1000
1631	83.0	1000
1632	82.0	1000
1633	83.0	1000
1634	83.0	1000
1635	83.0	1000
1636	83.0	1000
1637	83.0	1500
1638	83.0	1000
1639	84.0	1500
1640	83.0	1000
1641	82.0	1000
1642	83.0	1000
1643	83.0	1500
1644	83.0	1000
1645	84.0	1000
1646	83.0	1000
1647	84.0	1000
1648	83.0	1000
1649	83.0	1000
1650	83.0	1000
1651	82.0	1000
1652	82.0	1000
1653	83.0	1000
1654	82.0	1500
1655	83.0	1500
1656	83.0	1500
1657	83.0	1500
1658	83.0	1000
1659	83.0	1000
1660	82.0	1000
1661	83.0	1000
1662	82.0	1500
1663	83.0	1000
1664	83.0	1000
1665	83.0	1000
1666	83.0	1500
1667	83.0	1000
1668	83.0	1000
1669	83.0	1000
1670	83.0	1000
1671	82.0	1000
1672	84.0	1000
1673	84.0	1000
1674	83.0	1000
1675	84.0	1000
1676	84.0	1000
1677	84.0	1500
1678	83.0	1000
1679	83.0	1000
1680	84.0	1000
1681	84.0	1000
1682	82.0	1000
1683	83.0	1000
1684	84.0	1000
1685	83.0	1000
1686	82.0	1000
1687	83.0	1000
1688	83.0	1000
1689	84.0	1000
1690	85.0	1000
1691	84.0	1000
1692	83.0	1000
1693	83.0	1000
1694	81.0	1500
1695	83.0	1000
1696	81.0	1500
1697	80.0	1500
1698	80.0	1500
1699	83.0	1000
1700	82.0	1500
1701	83.0	1500
1702	84.0	1500
1703	83.0	1000
1704	83.0	1500
1705	84.0	1000
1706	83.0	1000
1707	83.0	1000
1708	82.0	1500
1709	83.0	1000
1710	84.0	1000
1711	83.0	1000
1712	83.0	1000
1713	83.0	1000
1714	83.0	1000
1715	83.0	1000
1716	82.0	1500
1717	83.0	1000
1718	83.0	1000
1719	84.0	1000
1720	83.0	1000
1721	83.0	1000
1722	83.0	1000
1723	84.0	1000
1724	84.0	1000
1725	83.0	1000
1726	83.0	1000
1727	83.0	1000
1728	83.0	1000
1729	83.0	1000
1730	83.0	1000
1731	82.0	1000
1732	83.0	1000
1733	84.0	1000
1734	83.0	1000
1735	84.0	1000
1736	83.0	1000
1737	83.0	1000
1738	84.0	1000
1739	84.0	1000
1740	83.0	1000
1741	83.0	1000
1742	82.0	1500
1743	83.0	1000
1744	84.0	1000
1745	82.0	1000
1746	84.0	1500
1747	84.0	1000
1748	84.0	1000
1749	83.0	1000
1750	82.0	1500
1751	83.0	1500
1752	83.0	1000
1753	82.0	1000
1754	83.0	1500
1755	83.0	1000
1756	84.0	1000
1757	83.0	1000
1758	83.0	1000
1759	83.0	1000
1760	83.0	1000
1761	84.0	1000
1762	82.0	1000
1763	84.0	1000
1764	83.0	1000
1765	84.0	1000
1766	83.0	1000
1767	83.0	1000
1768	83.0	1000
1769	83.0	1000
1770	83.0	1000
1771	82.0	1500
1772	81.0	1000
1773	80.0	1000
1774	80.0	1000
1775	81.0	1500
1776	82.0	1500
1777	83.0	1000
1778	82.0	1500
1779	83.0	1000
1780	82.0	1000
1781	83.0	1000
1782	82.0	1000
1783	84.0	1000
1784	83.0	1000
1785	82.0	1500
1786	84.0	1000
1787	84.0	1500
1788	83.0	1000
1789	83.0	1000
1790	82.0	1000
1791	83.0	1500
1792	82.0	1000
1793	83.0	1000
1794	84.0	1000
1795	83.0	1000
1796	84.0	1000
1797	82.0	1500
1798	82.0	1500
1799	84.0	1000
1800	85.0	1000
1801	84.0	1000
1802	83.0	1500
1803	82.0	1000
1804	82.0	1500
1805	82.0	1500
1806	83.0	1000
1807	82.0	1000
1808	83.0	1000
1809	83.0	1000
1810	83.0	1000
1811	83.0	1000
1812	83.0	1000
1813	83.0	1500
1814	83.0	1000
1815	85.0	1000
1816	83.0	1000
1817	83.0	1000
1818	85.0	1500
1819	83.0	1000
1820	83.0	1500
1821	84.0	1000
1822	82.0	1000
1823	83.0	1000
1824	83.0	1000
1825	83.0	1500
1826	83.0	1000
1827	83.0	1500
1828	84.0	1000
1829	83.0	1000
1830	83.0	1500
1831	83.0	1500
1832	84.0	1000
1833	82.0	1000
1834	83.0	1000
1835	83.0	1500
1836	83.0	1500
1837	82.0	1000
1838	83.0	1000
1839	82.0	1500
1840	83.0	1500
1841	83.0	1000
1842	84.0	1000
1843	82.0	1000
1844	83.0	1000
1845	83.0	1500
1846	83.0	1000
1847	82.0	1500
1848	83.0	1000
1849	83.0	1000
1850	83.0	1000
1851	81.0	1500
1852	82.0	1000
1853	83.0	1000
1854	82.0	1000
1855	83.0	1500
1856	82.0	1500
1857	83.0	1000
1858	83.0	1500
1859	82.0	1000
1860	82.0	1500
1861	83.0	1500
1862	83.0	1000
1863	84.0	1000
1864	83.0	1000
1865	83.0	1500
1866	83.0	1000
1867	83.0	1000
1868	82.0	1000
1869	83.0	1000
1870	82.0	1500
1871	84.0	1000
1872	83.0	1000
1873	82.0	1500
1874	82.0	1000
1875	83.0	1500
1876	82.0	1500
1877	85.0	1000
1878	83.0	1000
1879	84.0	1000
1880	84.0	1000
1881	83.0	1000
1882	83.0	1000
1883	83.0	1000
1884	83.0	1500
1885	84.0	1000
1886	82.0	1500
1887	84.0	1000
1888	83.0	1000
1889	84.0	1000
1890	84.0	1000
1891	83.0	1000
1892	83.0	1000
1893	84.0	1000
1894	83.0	1000
1895	83.0	1500
1896	83.0	1000
1897	83.0	1000
1898	84.0	1000
1899	83.0	1000
1900	82.0	1500
1901	83.0	1000
1902	83.0	1000
1903	82.0	1000
1904	82.0	1000
1905	83.0	1000
1906	84.0	1000
1907	82.0	1000
1908	83.0	1000
1909	83.0	1000
1910	83.0	1000
1911	84.0	1000
1912	84.0	1000
1913	82.0	1000
1914	84.0	1000
1915	82.0	1000
1916	82.0	1000
1917	84.0	1000
1918	83.0	1000
1919	84.0	1000
1920	84.0	1000
1921	83.0	1000
1922	83.0	1500
1923	82.0	1000
1924	83.0	1500
1925	83.0	1000
1926	84.0	1000
1927	84.0	1000
1928	83.0	1000
1929	83.0	1000
1930	83.0	1000
1931	83.0	1000
1932	84.0	1000
1933	83.0	1000
1934	83.0	1000
1935	83.0	1000
1936	84.0	1000
1937	83.0	1000
1938	83.0	1000
1939	83.0	1500
1940	82.0	1000
1941	84.0	1500
1942	83.0	1500
1943	84.0	1000
1944	84.0	1000
1945	83.0	1500
1946	84.0	1000
1947	83.0	1500
1948	83.0	1500
1949	84.0	1000
1950	84.0	1000
1951	84.0	1000
1952	83.0	1000
1953	83.0	1000
1954	84.0	1000
1955	83.0	1000
1956	83.0	1000
1957	84.0	1000
1958	83.0	1000
1959	83.0	1000
1960	83.0	1500
1961	84.0	1000
1962	84.0	1000
1963	83.0	1000
1964	83.0	1000
1965	82.0	1000
1966	83.0	1000
1967	82.0	1500
1968	82.0	1500
1969	83.0	1000
1970	83.0	1000
1971	83.0	1000
1972	83.0	1000
1973	83.0	1000
1974	82.0	1000
1975	82.0	1000
1976	84.0	1000
1977	84.0	1000
1978	82.0	1000
1979	84.0	1000
1980	84.0	1000
1981	83.0	1000
1982	83.0	1000
1983	83.0	1000
1984	84.0	1000
1985	84.0	1000
1986	83.0	1000
1987	83.0	1000
1988	83.0	1000
1989	82.0	1000
1990	83.0	1000
1991	83.0	1500
1992	83.0	1000
1993	83.0	1000
1994	83.0	1000
1995	83.0	1000
1996	83.0	1000
1997	83.0	1000
1998	83.0	1500
1999	83.0	1000
2000	83.0	1500
2001	83.0	1000
2002	83.0	1000
2003	83.0	1000
2004	82.0	1500
2005	83.0	1000
2006	83.0	1000
2007	83.0	1000
2008	83.0	1000
2009	83.0	1000
2010	83.0	1500
2011	82.0	1500
2012	83.0	1000
2013	84.0	1000
2014	83.0	1000
2015	83.0	1000
2016	82.0	1000
2017	82.0	1000
2018	83.0	1000
2019	82.0	1500
2020	82.0	1000
2021	82.0	1000
2022	83.0	1500
2023	82.0	1000
2024	83.0	1500
2025	84.0	1000
2026	83.0	1000
2027	84.0	1000
2028	83.0	1000
2029	83.0	1500
2030	83.0	1000
2031	83.0	1000
2032	82.0	1000
2033	83.0	1000
2034	83.0	1000
2035	83.0	1500
2036	82.0	1000
2037	82.0	1000
2038	83.0	1000
2039	83.0	1500
2040	82.0	1500
2041	83.0	1000
2042	83.0	1000
2043	83.0	1000
2044	82.0	1000
2045	83.0	1000
2046	83.0	1000
2047	83.0	1500
2048	83.0	1000
2049	82.0	1000
2050	84.0	1000
2051	83.0	1500
2052	84.0	1000
2053	83.0	1500
2054	83.0	1500
2055	84.0	1000
2056	83.0	1000
2057	83.0	1000
2058	83.0	1000
2059	83.0	1000
2060	83.0	1000
2061	83.0	1000
2062	82.0	1000
2063	83.0	1000
2064	83.0	1000
2065	83.0	1000
2066	83.0	1000
2067	82.0	1500
2068	82.0	1500
2069	84.0	1000
2070	82.0	1000
2071	82.0	1500
2072	84.0	1500
2073	83.0	1500
2074	82.0	1000
2075	82.0	1500
2076	82.0	1000
2077	83.0	1000
2078	83.0	1000
2079	83.0	1000
2080	83.0	1000
2081	83.0	1500
2082	83.0	1000
2083	81.0	1000
2084	82.0	1500
2085	84.0	1000
2086	82.0	1000
2087	84.0	1500
2088	82.0	1500
2089	83.0	1000
2090	84.0	1000
2091	81.0	1000
2092	83.0	1000
2093	83.0	1000
2094	83.0	1000
2095	82.0	1000
2096	83.0	1500
2097	83.0	1000
2098	83.0	1000
2099	83.0	1000
2100	83.0	1500
2101	84.0	1000
2102	82.0	1000
2103	83.0	1000
2104	83.0	1500
2105	82.0	1500
2106	83.0	1500
2107	83.0	1500
2108	83.0	1500
2109	83.0	1500
2110	83.0	1500
2111	83.0	1500
2112	83.0	1000
2113	83.0	1500
2114	82.0	1000
2115	83.0	1500
2116	83.0	1500
2117	82.0	1000
2118	83.0	1000
2119	82.0	1000
2120	82.0	1500
2121	82.0	1000
2122	83.0	1000
2123	83.0	1000
2124	83.0	1000
2125	82.0	1500
2126	83.0	1500
2127	83.0	1000
2128	84.0	1000
2129	83.0	1000
2130	82.0	1500
2131	82.0	1000
2132	82.0	1500
2133	82.0	1500
2134	83.0	1500
2135	83.0	1500
2136	83.0	1000
2137	84.0	1500
2138	82.0	1000
2139	83.0	1500
2140	83.0	1500
2141	82.0	1500
2142	82.0	1500
2143	83.0	1000
2144	83.0	1500
2145	82.0	1500
2146	83.0	1500
2147	84.0	1000
2148	82.0	1000
2149	82.0	1000
2150	83.0	1500
2151	83.0	1500
2152	83.0	1500
2153	84.0	1000
2154	83.0	1500
2155	83.0	1000
2156	83.0	1500
2157	82.0	1500
2158	83.0	1000
2159	82.0	1500
2160	82.0	1000
2161	83.0	1500
2162	82.0	1000
2163	83.0	1000
2164	82.0	1500
2165	83.0	1500
2166	83.0	1000
2167	83.0	1000
2168	82.0	1500
2169	82.0	1000
2170	84.0	1500
2171	83.0	1000
2172	83.0	1000
2173	82.0	1500
2174	82.0	1000
2175	84.0	1500
2176	83.0	1500
2177	82.0	1500
2178	83.0	1000
2179	83.0	1500
2180	83.0	1500
2181	83.0	1500
2182	82.0	1000
2183	82.0	1000
2184	82.0	1000
2185	83.0	1500
2186	83.0	1000
2187	83.0	1500
2188	83.0	1000
2189	83.0	1000
2190	83.0	1000
2191	82.0	1000
2192	82.0	1000
2193	83.0	1500
2194	83.0	1500
2195	83.0	1000
2196	82.0	1500
2197	83.0	1500
2198	82.0	1500
2199	83.0	1000
2200	81.0	1000
2201	83.0	1500
2202	83.0	1000
2203	83.0	1000
2204	83.0	1500
2205	82.0	1500
2206	83.0	1500
2207	82.0	1500
2208	81.0	1500
2209	81.0	1500
2210	82.0	1500
2211	83.0	1000
2212	82.0	1500
2213	83.0	1500
2214	81.0	1000
2215	83.0	1500
2216	82.0	1000
2217	83.0	1000
2218	83.0	1000
2219	82.0	1500
2220	81.0	1000
2221	83.0	1500
2222	83.0	1500
2223	82.0	1000
2224	82.0	1000
2225	83.0	1000
2226	83.0	1500
2227	83.0	1500
2228	82.0	1500
2229	83.0	1500
2230	83.0	1500
2231	83.0	1500
2232	82.0	1500
2233	82.0	1000
2234	83.0	1000
2235	82.0	1000
2236	83.0	1500
2237	82.0	1500
2238	83.0	1000
2239	83.0	1500
2240	83.0	1000
2241	82.0	1000
2242	81.0	1000
2243	83.0	1500
2244	83.0	1500
2245	83.0	1500
2246	83.0	1000
2247	82.0	1000
2248	82.0	1500
2249	81.0	1500
2250	83.0	1500
2251	82.0	1500
2252	82.0	1500
2253	81.0	1000
2254	83.0	1000
2255	83.0	1500
2256	83.0	1000
2257	82.0	1000
2258	82.0	1000
2259	82.0	1500
2260	83.0	1000
2261	83.0	1000
2262	83.0	1000
2263	82.0	1500
2264	83.0	1500
2265	81.0	1500
2266	82.0	1500
2267	83.0	1000
2268	83.0	1000
2269	83.0	1000
2270	83.0	1000
2271	82.0	1500
2272	82.0	1500
2273	83.0	1000
2274	83.0	1500
2275	83.0	1000
2276	82.0	1000
2277	82.0	1500
2278	83.0	1500
2279	82.0	1500
2280	83.0	1500
2281	84.0	1000
2282	83.0	1000
2283	83.0	1000
2284	83.0	1000
2285	82.0	1000
2286	82.0	1500
2287	82.0	1000
2288	83.0	1000
2289	82.0	1000
2290	82.0	1500
2291	83.0	1500
2292	83.0	1000
2293	83.0	1000
2294	84.0	1000
2295	83.0	1500
2296	83.0	1000
2297	83.0	1000
2298	82.0	1500
2299	82.0	1000
2300	82.0	1500
2301	82.0	1500
2302	83.0	1500
2303	82.0	1500
2304	83.0	1500
2305	82.0	1000
2306	82.0	1000
2307	83.0	1000
2308	82.0	1000
2309	83.0	1000
2310	83.0	1000
2311	82.0	1500
2312	83.0	1000
2313	82.0	1500
2314	83.0	1500
2315	82.0	1500
2316	83.0	1000
2317	83.0	1500
2318	82.0	1000
2319	83.0	1500
2320	82.0	1000
2321	82.0	1000
2322	83.0	1500
2323	84.0	1000
2324	83.0	1500
2325	83.0	1000
2326	82.0	1500
2327	83.0	1000
2328	83.0	1000
2329	84.0	1500
2330	83.0	1000
2331	84.0	1000
2332	83.0	1500
2333	82.0	1000
2334	82.0	1000
2335	83.0	1500
2336	83.0	1000
2337	83.0	1000
2338	82.0	1500
2339	84.0	1000
2340	83.0	1000
2341	82.0	1500
2342	82.0	1000
2343	82.0	1000
2344	82.0	1000
2345	83.0	1000
2346	83.0	1500
2347	82.0	1500
2348	83.0	1500
2349	82.0	1000
2350	83.0	1000
2351	83.0	1000
2352	83.0	1500
2353	83.0	1000
2354	83.0	1000
2355	83.0	1500
2356	82.0	1000
2357	81.0	1500
2358	82.0	1000
2359	83.0	1500
2360	83.0	1000
2361	83.0	1500
2362	82.0	1500
2363	83.0	1500
2364	82.0	1500
2365	82.0	1000
2366	82.0	1000
2367	82.0	1500
2368	83.0	1000
2369	82.0	1500
2370	83.0	1000
2371	82.0	1000
2372	84.0	1500
2373	82.0	1000
2374	83.0	1000
2375	82.0	1000
2376	82.0	1500
2377	84.0	1500
2378	83.0	1500
2379	82.0	1000
2380	83.0	1500
2381	83.0	1000
2382	84.0	1500
2383	83.0	1500
2384	84.0	1000
2385	83.0	1500
2386	83.0	1500
2387	82.0	1000
2388	83.0	1000
2389	82.0	1500
2390	84.0	1000
2391	83.0	1000
2392	82.0	1000
2393	82.0	1500
2394	83.0	1000
2395	83.0	1000
2396	83.0	1000
2397	83.0	1000
2398	83.0	1000
2399	83.0	1000
2400	83.0	1500
2401	83.0	1000
2402	83.0	1500
2403	82.0	1000
2404	83.0	1000
2405	83.0	1000
2406	82.0	1500
2407	83.0	1500
2408	83.0	1000
2409	83.0	1000
2410	84.0	1000
2411	83.0	1000
2412	83.0	1500
2413	83.0	1500
2414	83.0	1500
2415	83.0	1000
2416	82.0	1500
2417	83.0	1000
2418	82.0	1500
2419	83.0	1500
2420	84.0	1000
2421	83.0	1000
2422	84.0	1000
2423	83.0	1500
2424	83.0	1000
2425	84.0	1000
2426	83.0	1500
2427	83.0	1500
2428	82.0	1500
2429	83.0	1000
2430	82.0	1000
2431	83.0	1500
2432	82.0	1000
2433	83.0	1500
2434	83.0	1500
2435	83.0	1500
2436	82.0	1000
2437	82.0	1000
2438	82.0	1000
2439	83.0	1000
2440	82.0	1500
2441	82.0	1000
2442	82.0	1500
2443	83.0	1000
2444	82.0	1500
2445	83.0	1000
2446	82.0	1000
2447	83.0	1000
2448	82.0	1000
2449	82.0	1000
2450	82.0	1000
2451	82.0	1000
2452	83.0	1000
2453	83.0	1000
2454	83.0	1000
2455	82.0	1000
2456	83.0	1500
2457	82.0	1000
2458	82.0	1000
2459	82.0	1000
2460	83.0	1000
2461	83.0	1000
2462	82.0	1500
2463	83.0	1000
2464	84.0	1000
2465	83.0	1500
2466	83.0	1000
2467	82.0	1000
2468	83.0	1000
2469	82.0	1000
2470	83.0	1000
2471	82.0	1000
2472	83.0	1000
2473	83.0	1000
2474	83.0	1000
2475	83.0	1500
2476	82.0	1500
2477	82.0	1500
2478	83.0	1500
2479	83.0	1000
2480	83.0	1000
2481	83.0	1000
2482	84.0	1000
2483	83.0	1000
2484	83.0	1000
2485	83.0	1500
2486	82.0	1500
2487	83.0	1000
2488	83.0	1500
2489	83.0	1000
2490	82.0	1000
2491	82.0	1000
2492	83.0	1000
2493	83.0	1000
2494	83.0	1000
2495	83.0	1500
2496	83.0	1000
2497	84.0	1000
2498	83.0	1000
2499	83.0	1000
2500	83.0	1000
2501	83.0	1500
2502	83.0	1000
2503	83.0	1000
2504	83.0	1500
2505	83.0	1000
2506	83.0	1500
2507	83.0	1000
2508	83.0	1000
2509	83.0	1000
2510	83.0	1000
2511	83.0	1000
2512	83.0	1500
2513	84.0	1000
2514	83.0	1000
2515	83.0	1000
2516	82.0	1000
2517	82.0	1500
2518	82.0	1000
2519	83.0	1500
2520	82.0	1000
2521	84.0	1000
2522	83.0	1000
2523	83.0	1000
2524	83.0	1500
2525	83.0	1000
2526	83.0	1000
2527	82.0	1000
2528	83.0	1000
2529	83.0	1000
2530	83.0	1000
2531	84.0	1000
2532	84.0	1000
2533	84.0	1000
2534	83.0	1000
2535	83.0	1000
2536	83.0	1000
2537	83.0	1000
2538	82.0	1000
2539	83.0	1000
2540	83.0	1500
2541	84.0	1000
2542	83.0	1500
2543	83.0	1000
2544	83.0	1000
2545	83.0	1500
2546	83.0	1000
2547	83.0	1500
2548	83.0	1500
2549	83.0	1500
2550	83.0	1500
2551	83.0	1000
2552	84.0	1000
2553	83.0	1500
2554	83.0	1000
2555	83.0	1500
2556	82.0	1500
2557	82.0	1000
2558	83.0	1000
2559	82.0	1500
2560	83.0	1000
2561	84.0	1000
2562	84.0	1000
2563	83.0	1000
2564	83.0	1000
2565	83.0	1500
2566	83.0	1000
2567	83.0	1000
2568	83.0	1500
2569	84.0	1000
2570	84.0	1500
2571	83.0	1000
2572	83.0	1000
2573	83.0	1000
2574	83.0	1000
2575	83.0	1000
2576	82.0	1000
2577	83.0	1000
2578	82.0	1500
2579	84.0	1500
2580	84.0	1000
2581	83.0	1000
2582	82.0	1500
2583	82.0	1500
2584	83.0	1000
2585	83.0	1000
2586	82.0	1000
2587	83.0	1000
2588	84.0	1000
2589	84.0	1000
2590	83.0	1000
2591	83.0	1000
2592	84.0	1000
2593	83.0	1000
2594	81.0	1000
2595	82.0	1500
2596	83.0	1500
2597	84.0	1000
2598	82.0	1000
2599	83.0	1000
2600	83.0	1000
2601	83.0	1000
2602	83.0	1000
2603	82.0	1500
2604	83.0	1000
2605	83.0	1000
2606	82.0	1500
2607	82.0	1000
2608	82.0	1500
2609	83.0	1000
2610	83.0	1000
2611	82.0	1000
2612	83.0	1500
2613	82.0	1000
2614	82.0	1500
2615	83.0	1000
2616	83.0	1500
2617	82.0	1500
2618	84.0	1000
2619	83.0	1000
2620	83.0	1000
2621	83.0	1000
2622	83.0	1000
2623	83.0	1000
2624	83.0	1500
2625	83.0	1000
2626	84.0	1000
2627	83.0	1000
2628	83.0	1000
2629	82.0	1000
2630	83.0	1000
2631	83.0	1000
2632	84.0	1000
2633	82.0	1000
2634	84.0	1000
2635	83.0	1000
2636	83.0	1000
2637	83.0	1000
2638	83.0	1000
2639	84.0	1000
2640	82.0	1000
2641	83.0	1500
2642	83.0	1500
2643	83.0	1000
2644	84.0	1000
2645	83.0	1500
2646	82.0	1000
2647	83.0	1000
2648	84.0	1000
2649	84.0	1000
2650	82.0	1500
2651	83.0	1500
2652	84.0	1000
2653	84.0	1000
2654	83.0	1500
2655	83.0	1000
2656	82.0	1500
2657	83.0	1500
2658	83.0	1000
2659	83.0	1000
2660	84.0	1000
2661	83.0	1500
2662	83.0	1000
2663	83.0	1000
2664	82.0	1500
2665	84.0	1000
2666	83.0	1000
2667	83.0	1000
2668	83.0	1000
2669	84.0	1500
2670	82.0	1000
2671	82.0	1000
2672	83.0	1500
2673	82.0	1000
2674	83.0	1000
2675	83.0	1500
2676	83.0	1500
2677	82.0	1000
2678	83.0	1000
2679	83.0	1500
2680	82.0	1500
2681	83.0	1000
2682	82.0	1000
2683	83.0	1000
2684	83.0	1000
2685	83.0	1000
2686	84.0	1500
2687	84.0	1000
2688	83.0	1500
2689	84.0	1000
2690	82.0	1000
2691	83.0	1500
2692	83.0	1500
2693	82.0	1000
2694	82.0	1000
2695	82.0	1500
2696	83.0	1000
2697	82.0	1500
2698	82.0	1500
2699	82.0	1000
2700	83.0	1500
2701	82.0	1000
2702	82.0	1000
2703	84.0	1000
2704	83.0	1500
2705	83.0	1500
2706	82.0	1000
2707	82.0	1000
2708	82.0	1500
2709	82.0	1500
2710	83.0	1500
2711	83.0	1500
2712	83.0	1000
2713	83.0	1500
2714	82.0	1000
2715	81.0	1500
2716	82.0	1500
2717	83.0	1500
2718	83.0	1500
2719	83.0	1000
2720	83.0	1000
2721	84.0	1000
2722	83.0	1000
2723	83.0	1500
2724	82.0	1500
2725	81.0	1500
2726	83.0	1500
2727	83.0	1000
2728	83.0	1000
2729	83.0	1500
2730	82.0	1000
2731	83.0	1500
2732	84.0	1500
2733	82.0	1000
2734	83.0	1000
2735	83.0	1000
2736	83.0	1500
2737	82.0	1000
2738	82.0	1000
2739	83.0	1000
2740	82.0	1000
2741	81.0	1000
2742	82.0	1000
2743	83.0	1000
2744	82.0	1500
2745	83.0	1000
2746	83.0	1000
2747	83.0	1000
2748	84.0	1000
2749	83.0	1500
2750	82.0	1000
2751	82.0	1000
2752	83.0	1500
2753	84.0	1000
2754	83.0	1000
2755	83.0	1000
2756	82.0	1500
2757	81.0	1500
2758	83.0	1000
2759	83.0	1500
2760	84.0	1000
2761	82.0	1500
2762	83.0	1000
2763	83.0	1500
2764	83.0	1500
2765	82.0	1500
2766	82.0	1000
2767	83.0	1000
2768	83.0	1000
2769	83.0	1500
2770	83.0	1000
2771	83.0	1000
2772	83.0	1500
2773	84.0	1500
2774	83.0	1000
2775	83.0	1000
2776	83.0	1000
2777	82.0	1000
2778	83.0	1000
2779	82.0	1000
2780	82.0	1500
2781	84.0	1000
2782	83.0	1500
2783	83.0	1500
2784	83.0	1000
2785	83.0	1000
2786	83.0	1000
2787	83.0	1500
2788	83.0	1000
2789	83.0	1000
2790	83.0	1500
2791	83.0	1500
2792	83.0	1000
2793	83.0	1000
2794	82.0	1000
2795	83.0	1000
2796	83.0	1500
2797	82.0	1500
2798	83.0	1500
2799	83.0	1000
2800	82.0	1000
2801	84.0	1500
2802	84.0	1000
2803	83.0	1000
2804	83.0	1000
2805	83.0	1000
2806	84.0	1500
2807	83.0	1500
2808	82.0	1000
2809	83.0	1000
2810	83.0	1000
2811	83.0	1000
2812	83.0	1500
2813	82.0	1000
2814	83.0	1000
2815	82.0	1500
2816	83.0	1000
2817	83.0	1000
2818	83.0	1000
2819	83.0	1000
2820	83.0	1500
2821	82.0	1000
2822	82.0	1500
2823	84.0	1500
2824	82.0	1000
2825	83.0	1000
2826	83.0	1000
2827	83.0	1500
2828	83.0	1000
2829	82.0	1500
2830	84.0	1000
2831	84.0	1000
2832	82.0	1000
2833	83.0	1500
2834	82.0	1500
2835	83.0	1000
2836	82.0	1000
2837	83.0	1500
2838	84.0	1500
2839	82.0	1500
2840	82.0	1000
2841	82.0	1000
2842	82.0	1000
2843	83.0	1000
2844	84.0	1000
2845	83.0	1000
2846	83.0	1500
2847	83.0	1000
2848	84.0	1000
2849	83.0	1000
2850	84.0	1000
2851	84.0	1500
2852	83.0	1500
2853	84.0	1000
2854	84.0	1500
2855	83.0	1000
2856	83.0	1000
2857	83.0	1000
2858	83.0	1000
2859	82.0	1500
2860	83.0	1000
2861	83.0	1000
2862	83.0	1000
2863	83.0	1000
2864	83.0	1500
2865	83.0	1000
2866	83.0	1000
2867	84.0	1500
2868	83.0	1000
2869	83.0	1500
2870	84.0	1000
2871	84.0	1000
2872	83.0	1000
2873	83.0	1000
2874	84.0	1000
2875	83.0	1000
2876	82.0	1000
2877	83.0	1000
2878	82.0	1000
2879	82.0	1000
2880	82.0	1000
2881	83.0	1000
2882	83.0	1500
2883	83.0	1000
2884	84.0	1500
2885	83.0	1000
2886	83.0	1000
2887	82.0	1000
2888	82.0	1500
2889	82.0	1500
2890	82.0	1500
2891	84.0	1000
2892	82.0	1000
2893	82.0	1000
2894	83.0	1500
2895	82.0	1500
2896	83.0	1000
2897	82.0	1000
2898	84.0	1000
2899	82.0	1000
2900	82.0	1500
2901	84.0	1500
2902	83.0	1000
2903	83.0	1500
2904	83.0	1000
2905	83.0	1000
2906	82.0	1000
2907	82.0	1500
2908	82.0	1000
2909	83.0	1500
2910	83.0	1500
2911	83.0	1000
2912	82.0	1000
2913	83.0	1500
2914	82.0	1500
2915	84.0	1000
2916	83.0	1500
2917	82.0	1000
2918	83.0	1500
2919	83.0	1000
2920	83.0	1000
2921	83.0	1500
2922	83.0	1500
2923	83.0	1000
2924	83.0	1000
2925	83.0	1500
2926	83.0	1000
2927	83.0	1000
2928	82.0	1500
2929	82.0	1500
2930	82.0	1500
2931	83.0	1000
2932	84.0	1000
2933	83.0	1000
2934	83.0	1500
2935	83.0	1500
2936	82.0	1000
2937	84.0	1000
2938	84.0	1000
2939	83.0	1000
2940	82.0	1500
2941	83.0	1000
2942	82.0	1500
2943	83.0	1500
2944	82.0	1500
2945	82.0	1000
2946	82.0	1000
2947	82.0	1500
2948	83.0	1000
2949	82.0	1000
2950	83.0	1000
2951	82.0	1500
2952	82.0	1500
2953	82.0	1000
2954	83.0	1000
2955	82.0	1500
2956	83.0	1000
2957	82.0	1500
2958	82.0	1500
2959	83.0	1500
2960	83.0	1000
2961	82.0	1000
2962	83.0	1000
2963	82.0	1000
2964	83.0	1000
2965	82.0	1000
2966	83.0	1000
2967	82.0	1500
2968	83.0	1000
2969	83.0	1000
2970	82.0	1500
2971	82.0	1500
2972	82.0	1500
2973	83.0	1000
2974	83.0	1500
2975	83.0	1000
2976	81.0	1500
2977	83.0	1000
2978	82.0	1500
2979	84.0	1500
2980	82.0	1000
2981	82.0	1500
2982	83.0	1000
2983	82.0	1500
2984	83.0	1500
2985	82.0	1500
2986	82.0	1500
2987	82.0	1000
2988	82.0	1500
2989	83.0	1500
2990	82.0	1000
2991	83.0	1500
2992	83.0	1500
2993	83.0	1500
2994	82.0	1000
2995	83.0	1500
2996	83.0	1000
2997	82.0	1000
2998	83.0	1500
2999	82.0	1000
3000	82.0	1500
3001	82.0	1000
3002	82.0	1500
3003	83.0	1000
3004	81.0	1500
3005	80.0	1500
3006	81.0	1000
3007	83.0	1500
3008	83.0	1500
3009	83.0	1500
3010	82.0	1000
3011	83.0	1500
3012	82.0	1500
3013	82.0	1500
3014	82.0	1500
3015	82.0	1000
3016	83.0	1500
3017	83.0	1500
3018	83.0	1000
3019	83.0	1500
3020	82.0	1500
3021	82.0	1000
3022	82.0	1000
3023	82.0	1500
3024	84.0	1000
3025	83.0	1500
3026	81.0	1500
3027	83.0	1500
3028	83.0	1500
3029	84.0	1500
3030	83.0	1500
3031	82.0	1500
3032	82.0	1500
3033	83.0	1500
3034	82.0	1000
3035	84.0	1000
3036	83.0	1000
3037	83.0	1000
3038	82.0	1500
3039	82.0	1000
3040	82.0	1500
3041	83.0	1000
3042	82.0	1500
3043	83.0	1000
3044	83.0	1000
3045	83.0	1500
3046	82.0	1500
3047	82.0	1500
3048	84.0	1000
3049	82.0	1500
3050	83.0	1000
3051	83.0	1500
3052	82.0	1500
3053	82.0	1000
3054	82.0	1000
3055	82.0	1500
3056	83.0	1000
3057	82.0	1500
3058	84.0	1500
3059	83.0	1500
3060	83.0	1500
3061	82.0	1500
3062	83.0	1000
3063	83.0	1000
3064	83.0	1000
3065	83.0	1000
3066	82.0	1500
3067	83.0	1000
3068	82.0	1500
3069	83.0	1500
3070	83.0	1500
3071	83.0	1500
3072	81.0	1500
3073	83.0	1000
3074	82.0	1500
3075	81.0	1500
3076	83.0	1000
3077	83.0	1000
3078	83.0	1000
3079	83.0	1500
3080	82.0	1500
3081	83.0	1000
3082	81.0	1000
3083	83.0	1000
3084	83.0	1000
3085	82.0	1000
3086	82.0	1500
3087	83.0	1000
3088	83.0	1000
3089	82.0	1500
3090	82.0	1500
3091	83.0	1000
3092	81.0	1500
3093	83.0	1500
3094	82.0	1000
3095	83.0	1500
3096	83.0	1500
3097	83.0	1500
3098	83.0	1500
3099	82.0	1000
3100	83.0	1500
3101	83.0	1000
3102	82.0	1000
3103	83.0	1500
3104	82.0	1500
3105	83.0	1000
3106	83.0	1000
3107	83.0	1000
3108	83.0	1500
3109	83.0	1500
3110	82.0	1500
3111	83.0	1500
3112	83.0	1500
3113	83.0	1500
3114	83.0	1000
3115	84.0	1500
3116	82.0	1500
3117	82.0	1000
3118	83.0	1500
3119	83.0	1000
3120	82.0	1000
3121	83.0	1500
3122	83.0	1500
3123	83.0	1500
3124	82.0	1500
3125	83.0	1000
3126	82.0	1000
3127	84.0	1000
3128	82.0	1000
3129	83.0	1500
3130	83.0	1000
3131	82.0	1000
3132	82.0	1000
3133	83.0	1000
3134	83.0	1500
3135	83.0	1000
3136	82.0	1500
3137	83.0	1500
3138	83.0	1000
3139	82.0	1000
3140	82.0	1500
3141	82.0	1500
3142	82.0	1500
3143	83.0	1500
3144	84.0	1500
3145	82.0	1500
3146	83.0	1500
3147	81.0	1500
3148	82.0	1500
3149	83.0	1000
3150	83.0	1500
3151	82.0	1500
3152	83.0	1500
3153	83.0	1500
3154	82.0	1000
3155	83.0	1000
3156	82.0	1000
3157	82.0	1500
3158	82.0	1000
3159	83.0	1000
3160	82.0	1500
3161	83.0	1000
3162	83.0	1500
3163	82.0	1000
3164	83.0	1500
3165	82.0	1000
3166	82.0	1500
3167	83.0	1500
3168	83.0	1500
3169	83.0	1500
3170	83.0	1000
3171	84.0	1000
3172	83.0	1000
3173	83.0	1000
3174	83.0	1500
3175	84.0	1000
3176	83.0	1500
3177	84.0	1500
3178	82.0	1500
3179	82.0	1000
3180	82.0	1500
3181	82.0	1000
3182	83.0	1500
3183	82.0	1500
3184	82.0	1500
3185	81.0	1500
3186	83.0	1500
3187	81.0	1500
3188	82.0	1500
3189	83.0	1500
3190	83.0	1500
3191	83.0	1000
3192	83.0	1500
3193	82.0	1500
3194	82.0	1500
3195	83.0	1500
3196	82.0	1000
3197	80.0	1500
3198	79.0	1500
3199	79.0	1000
3200	82.0	1500
3201	82.0	1500
3202	83.0	1500
3203	83.0	1000
3204	83.0	1000
3205	82.0	1500
3206	82.0	1500
3207	82.0	1500
3208	82.0	1500
3209	83.0	1000
3210	82.0	1000
3211	83.0	1000
3212	82.0	1500
3213	82.0	1000
3214	82.0	1500
3215	82.0	1500
3216	82.0	1500
3217	82.0	1500
3218	83.0	1000
3219	83.0	1000
3220	83.0	1500
3221	82.0	1500
3222	82.0	1500
3223	83.0	1500
3224	82.0	1000
3225	82.0	1500
3226	83.0	1500
3227	83.0	1500
3228	82.0	1500
3229	83.0	1500
3230	82.0	1500
3231	83.0	1500
3232	82.0	1500
3233	82.0	1500
3234	82.0	1500
3235	83.0	1500
3236	83.0	1500
3237	82.0	1000
3238	82.0	1000
3239	82.0	1000
3240	83.0	1500
3241	82.0	1500
3242	82.0	1500
3243	82.0	1500
3244	83.0	1000
3245	83.0	1500
3246	82.0	1500
3247	82.0	1500
3248	83.0	1000
3249	83.0	1500
3250	83.0	1000
3251	82.0	1500
3252	84.0	1500
3253	82.0	1500
3254	82.0	1500
3255	83.0	1000
3256	82.0	1000
3257	81.0	1000
3258	84.0	1500
3259	83.0	1000
3260	83.0	1500
3261	80.0	1500
3262	80.0	1500
3263	80.0	1500
3264	80.0	1500
3265	79.0	1500
3266	79.0	1500
3267	80.0	1500
3268	79.0	1500
3269	78.0	1500
3270	78.0	1500
3271	79.0	1500
3272	79.0	1500
3273	78.0	1500
3274	77.0	1000
3275	78.0	1500
3276	78.0	1500
3277	78.0	1500
3278	80.0	1500
3279	78.0	1500
3280	77.0	1500
3281	77.0	1500
3282	77.0	1500
3283	78.0	1500
3284	77.0	1500
3285	77.0	1500
3286	78.0	1500
3287	77.0	1000
3288	76.0	1000
3289	78.0	1500
3290	78.0	1500
3291	80.0	1500
3292	78.0	1500
3293	80.0	1500
3294	80.0	1500
3295	81.0	1500
3296	81.0	1500
3297	79.0	1500
3298	78.0	1500
3299	78.0	1500
3300	78.0	1500
3301	78.0	1000
3302	76.0	1500
3303	77.0	600
3304	76.0	1500
3305	77.0	1500
3306	79.0	1500
3307	79.0	1500
3308	80.0	1500
3309	81.0	1500
3310	81.0	1500
3311	81.0	1500
3312	81.0	1500
3313	81.0	1500
3314	81.0	1500
3315	80.0	1500
3316	82.0	1500
3317	81.0	1500
3318	82.0	1500
3319	82.0	1500
3320	81.0	1500
3321	82.0	1000
3322	82.0	1500
3323	82.0	1000
3324	82.0	1500
3325	82.0	1500
3326	82.0	1500
3327	83.0	1500
3328	82.0	1500
3329	82.0	1000
3330	83.0	1500
3331	82.0	1500
3332	82.0	1500
3333	81.0	1500
3334	81.0	1500
3335	81.0	1500
3336	83.0	1500
3337	82.0	1500
3338	82.0	1000
3339	82.0	1500
3340	82.0	1500
3341	82.0	1500
3342	83.0	1500
3343	82.0	1500
3344	82.0	1500
3345	83.0	1500
3346	83.0	1000
3347	83.0	1500
3348	82.0	1500
3349	82.0	1500
3350	82.0	1500
3351	83.0	1500
3352	82.0	1500
3353	82.0	1500
3354	82.0	1500
3355	82.0	1500
3356	82.0	1500
3357	82.0	1500
3358	82.0	1500
3359	82.0	1000
3360	82.0	1500
3361	82.0	1500
3362	82.0	1500
3363	82.0	1000
3364	82.0	1500
3365	82.0	1000
3366	82.0	1500
3367	82.0	1500
3368	83.0	1000
3369	82.0	1000
3370	82.0	1000
3371	82.0	1500
3372	82.0	1500
3373	82.0	1000
3374	82.0	1500
3375	82.0	1500
3376	83.0	1500
3377	82.0	1500
3378	82.0	1500
3379	82.0	1500
3380	83.0	1500
3381	83.0	1000
3382	83.0	1000
3383	82.0	1500
3384	82.0	1500
3385	83.0	1000
3386	83.0	1000
3387	80.0	1500
3388	79.0	1000
3389	82.0	1500
3390	82.0	1500
3391	82.0	1500
3392	81.0	1500
3393	82.0	1500
3394	82.0	1500
3395	81.0	1500
3396	82.0	1000
3397	83.0	1500
3398	80.0	1000
3399	80.0	600
3400	80.0	1500
3401	81.0	1500
3402	81.0	1500
3403	82.0	1500
3404	83.0	1500
3405	82.0	1500
3406	81.0	1500
3407	82.0	1500
3408	82.0	1500
3409	83.0	1000
3410	82.0	1500
3411	83.0	1500
3412	82.0	1500
3413	82.0	1500
3414	82.0	1500
3415	84.0	1500
3416	83.0	1000
3417	82.0	1000
3418	82.0	1500
3419	82.0	1500
3420	82.0	1500
3421	82.0	1000
3422	82.0	1500
3423	82.0	1500
3424	83.0	1500
3425	82.0	1500
3426	82.0	1500
3427	83.0	1500
3428	83.0	1000
3429	82.0	1500
3430	82.0	1500
3431	82.0	1500
3432	83.0	1500
3433	82.0	1000
3434	81.0	1500
3435	83.0	1000
3436	83.0	1500
3437	82.0	1500
3438	82.0	1500
3439	82.0	1500
3440	82.0	1500
3441	82.0	1500
3442	83.0	1000
3443	82.0	1000
3444	82.0	1500
3445	81.0	1500
3446	81.0	1500
3447	82.0	1500
3448	82.0	1500
3449	82.0	1500
3450	82.0	1000
3451	81.0	1500
3452	82.0	1500
3453	82.0	1000
3454	81.0	1000
3455	82.0	1500
3456	82.0	1500
3457	83.0	1000
3458	83.0	1500
3459	82.0	1500
3460	83.0	1500
3461	82.0	1500
3462	82.0	1500
3463	83.0	1000
3464	82.0	1500
3465	82.0	1000
3466	83.0	1000
3467	83.0	1500
3468	82.0	1500
3469	83.0	1500
3470	83.0	1500
3471	83.0	1000
3472	82.0	1500
3473	83.0	1500
3474	82.0	1500
3475	83.0	1500
3476	82.0	1500
3477	81.0	1500
3478	82.0	1500
3479	81.0	1000
3480	82.0	1500
3481	82.0	1500
3482	82.0	1500
3483	83.0	1000
3484	82.0	1500
3485	82.0	1500
3486	82.0	1500
3487	81.0	1500
3488	81.0	1500
3489	81.0	1500
3490	82.0	1500
3491	82.0	1000
3492	83.0	1000
3493	82.0	1500
3494	83.0	1500
3495	83.0	1000
3496	82.0	1500
3497	82.0	1500
3498	82.0	1500
3499	82.0	1500
3500	82.0	1000
3501	82.0	1500
3502	81.0	1500
3503	81.0	1500
3504	82.0	1500
3505	79.0	1500
3506	78.0	1500
3507	77.0	750
3508	77.0	1000
3509	79.0	1500
3510	80.0	1500
3511	80.0	1500
3512	80.0	1500
3513	78.0	1500
3514	77.0	1000
